100
8 25 27 
11 10 39 
19 39 31 
8 22 19 
11 2 20 
17 23 21 
2 9 10 
27 32 8 
19 18 22 
7 22 31 
9 40 10 
38 15 26 
13 32 5 
19 3 40 
16 23 9 
17 13 39 
16 40 21 
26 28 29 
12 33 32 
26 23 13 
34 14 40 
27 22 33 
32 33 36 
26 15 20 
18 9 33 
27 33 2 
2 16 30 
17 32 7 
22 2 40 
5 3 26 
13 23 11 
15 26 3 
28 34 7 
2 15 7 
28 31 13 
25 16 32 
3 25 24 
15 12 20 
37 8 24 
37 26 32 
12 19 17 
36 9 21 
26 33 30 
31 12 22 
37 40 15 
30 14 1 
6 27 35 
16 22 18 
22 8 35 
10 23 26 
3 41 14 
13 17 15 
16 18 11 
22 1 24 
29 28 5 
35 33 4 
27 4 25 
8 21 13 
7 2 1 
18 23 31 
38 35 33 
28 33 14 
20 26 37 
14 2 18 
1 3 4 
31 33 9 
27 7 21 
10 24 12 
37 12 39 
10 32 17 
38 22 15 
20 16 39 
18 15 24 
15 22 16 
7 34 29 
28 24 8 
9 40 2 
21 14 33 
3 19 15 
6 7 37 
28 25 33 
5 39 34 
1 17 9 
7 6 20 
26 5 20 
13 32 25 
31 12 34 
35 34 8 
13 23 38 
3 32 8 
38 39 27 
12 11 1 
31 21 24 
15 1 34 
36 25 10 
37 19 11 
6 26 7 
11 20 12 
25 39 17 
4 5 36 
