100
8 27 32 
25 27 4 
25 27 8 
18 22 16 
31 13 28 
18 22 19 
10 36 25 
7 1 2 
10 24 12 
37 20 26 
23 10 26 
19 17 12 
11 23 13 
8 22 19 
10 9 2 
7 26 6 
5 26 20 
3 26 5 
6 37 7 
13 25 32 
12 15 20 
15 22 16 
17 15 13 
16 21 40 
21 23 17 
20 12 11 
24 8 28 
32 16 25 
40 19 3 
5 34 39 
33 36 32 
7 22 31 
15 7 2 
29 7 34 
10 17 32 
14 41 3 
27 38 39 
33 18 9 
11 37 19 
29 26 28 
39 25 17 
31 24 21 
31 9 33 
8 35 22 
30 26 33 
30 1 14 
39 16 20 
4 3 1 
21 7 27 
1 24 22 
38 22 15 
14 21 33 
15 34 1 
38 35 33 
10 11 39 
12 22 31 
23 13 26 
19 3 15 
40 9 10 
18 16 11 
39 31 19 
18 23 31 
21 13 8 
15 26 38 
37 15 40 
2 11 20 
39 17 13 
2 16 30 
40 9 2 
39 12 37 
38 13 23 
33 22 27 
24 25 3 
1 11 12 
32 8 3 
12 33 32 
5 4 36 
29 28 5 
15 24 18 
21 36 9 
32 13 5 
14 28 33 
4 35 33 
2 14 18 
2 22 40 
2 27 33 
16 9 23 
37 8 24 
26 32 37 
20 7 6 
15 3 26 
12 34 31 
32 17 7 
27 35 6 
20 15 26 
17 9 1 
34 35 8 
28 25 33 
34 40 14 
28 34 7 
