100
5 28 29 
2 40 9 
38 15 26 
18 33 9 
1 14 30 
12 10 24 
10 2 9 
7 27 21 
29 7 34 
15 22 38 
7 6 26 
23 10 26 
19 39 31 
11 18 16 
32 3 8 
3 19 15 
37 39 12 
32 33 36 
37 40 15 
21 40 16 
18 14 2 
33 35 38 
5 4 36 
22 8 35 
31 22 12 
17 13 15 
34 40 14 
19 40 3 
27 39 38 
11 19 37 
15 26 20 
15 20 12 
28 33 25 
12 11 20 
31 7 22 
37 24 8 
25 13 32 
22 2 40 
19 22 18 
4 35 33 
13 26 23 
36 21 9 
18 24 15 
17 1 9 
32 10 17 
10 25 36 
31 12 34 
9 40 10 
27 8 25 
8 32 27 
34 5 39 
37 6 7 
12 1 11 
39 17 13 
16 15 22 
32 12 33 
8 35 34 
25 32 16 
5 26 3 
3 26 15 
5 13 32 
14 33 28 
17 12 19 
4 1 3 
29 26 28 
2 33 27 
9 33 31 
31 18 23 
13 23 11 
3 41 14 
24 3 25 
20 26 5 
27 33 22 
27 25 4 
31 24 21 
39 20 16 
19 8 22 
7 34 28 
15 34 1 
22 24 1 
27 35 6 
37 32 26 
15 2 7 
9 23 16 
1 2 7 
8 24 28 
39 10 11 
18 16 22 
21 33 14 
7 17 32 
7 6 20 
13 8 21 
30 2 16 
37 20 26 
21 17 23 
17 25 39 
30 26 33 
38 13 23 
13 28 31 
11 20 2 
