100
29 26 28 
18 33 9 
28 25 33 
25 32 16 
16 40 21 
9 21 36 
22 7 31 
11 2 20 
37 8 24 
26 10 23 
9 23 16 
1 12 11 
11 18 16 
8 24 28 
24 31 21 
27 21 7 
18 31 23 
34 40 14 
30 2 16 
38 15 22 
38 23 13 
21 33 14 
31 33 9 
41 14 3 
5 28 29 
31 19 39 
13 32 25 
13 17 15 
17 32 7 
8 22 19 
13 39 17 
6 27 35 
22 33 27 
15 40 37 
27 2 33 
14 33 28 
5 20 26 
12 10 24 
15 3 19 
27 25 4 
11 23 13 
17 12 19 
27 8 32 
7 2 15 
9 10 2 
26 23 13 
9 17 1 
26 15 20 
20 39 16 
38 27 39 
22 31 12 
2 40 9 
35 33 38 
2 1 7 
32 12 33 
13 31 28 
11 39 10 
19 22 18 
37 19 11 
30 26 33 
26 38 15 
10 9 40 
37 20 26 
35 22 8 
12 39 37 
3 15 26 
17 10 32 
35 4 33 
34 39 5 
16 15 22 
37 32 26 
3 1 4 
12 20 11 
8 34 35 
26 5 3 
19 3 40 
36 32 33 
24 1 22 
7 20 6 
8 3 32 
5 32 13 
7 34 28 
29 34 7 
22 40 2 
15 20 12 
13 8 21 
30 14 1 
31 34 12 
10 25 36 
6 7 26 
21 23 17 
36 5 4 
18 24 15 
25 17 39 
37 7 6 
25 3 24 
18 22 16 
8 25 27 
15 34 1 
2 18 14 
