100
9 23 16 
23 18 31 
26 15 38 
36 25 10 
26 6 7 
13 23 11 
35 27 6 
26 3 5 
22 7 31 
15 20 12 
15 20 26 
28 29 26 
10 23 26 
37 26 32 
24 22 1 
24 31 21 
27 4 25 
15 1 34 
2 15 7 
2 30 16 
14 33 28 
12 39 37 
16 15 22 
28 13 31 
27 8 32 
36 21 9 
14 2 18 
7 32 17 
37 20 26 
2 10 9 
2 7 1 
20 39 16 
27 2 33 
34 28 7 
15 19 3 
11 39 10 
18 16 22 
24 18 15 
26 15 3 
35 8 22 
4 5 36 
9 33 31 
8 25 27 
25 13 32 
28 33 25 
22 40 2 
21 16 40 
22 12 31 
2 40 9 
25 32 16 
1 4 3 
6 20 7 
19 22 18 
37 24 8 
1 17 9 
21 33 14 
23 13 38 
11 20 12 
32 12 33 
23 21 17 
38 39 27 
15 38 22 
32 33 36 
10 9 40 
7 29 34 
17 39 13 
14 1 30 
16 11 18 
30 33 26 
17 12 19 
26 23 13 
27 33 22 
13 21 8 
33 38 35 
37 6 7 
40 14 34 
5 32 13 
11 19 37 
34 5 39 
25 3 24 
17 39 25 
31 19 39 
12 31 34 
11 1 12 
10 12 24 
9 33 18 
3 32 8 
19 8 22 
28 24 8 
11 2 20 
13 17 15 
27 21 7 
3 14 41 
5 29 28 
19 40 3 
4 33 35 
17 10 32 
15 37 40 
26 20 5 
35 34 8 
