100
25 3 24 
28 29 5 
30 33 26 
11 12 1 
22 31 7 
23 21 17 
7 32 17 
10 40 9 
7 29 34 
38 39 27 
16 39 20 
9 33 18 
9 16 23 
13 21 8 
12 31 22 
27 7 21 
2 20 11 
14 18 2 
8 32 3 
36 5 4 
25 17 39 
26 3 15 
36 33 32 
27 8 25 
15 38 26 
31 39 19 
32 33 12 
10 23 26 
3 5 26 
28 33 25 
8 24 28 
15 18 24 
28 14 33 
33 38 35 
41 14 3 
8 22 35 
21 31 24 
3 19 15 
2 40 22 
27 4 25 
26 6 7 
40 15 37 
9 1 17 
15 22 16 
9 33 31 
9 2 10 
37 7 6 
26 15 20 
8 22 19 
27 32 8 
10 39 11 
21 16 40 
14 33 21 
15 38 22 
35 33 4 
16 11 18 
27 2 33 
23 18 31 
17 19 12 
12 31 34 
26 20 5 
7 15 2 
24 22 1 
12 20 15 
34 7 28 
17 32 10 
15 13 17 
35 6 27 
12 11 20 
18 16 22 
7 6 20 
13 39 17 
3 4 1 
1 7 2 
18 22 19 
27 33 22 
3 40 19 
37 26 20 
10 12 24 
26 29 28 
23 13 11 
28 13 31 
16 32 25 
9 2 40 
36 9 21 
34 5 39 
1 30 14 
37 11 19 
26 37 32 
16 30 2 
35 8 34 
13 32 25 
1 34 15 
13 23 26 
36 10 25 
23 38 13 
12 39 37 
14 34 40 
37 24 8 
13 32 5 
