100
22 16 18 
26 5 20 
31 13 28 
8 13 21 
32 13 5 
23 13 11 
33 27 22 
34 12 31 
20 37 26 
33 18 9 
3 1 4 
38 33 35 
15 37 40 
14 30 1 
20 6 7 
40 21 16 
8 37 24 
9 31 33 
2 30 16 
21 27 7 
32 8 3 
33 30 26 
27 35 6 
5 4 36 
3 19 40 
26 5 3 
6 7 26 
18 16 11 
40 2 9 
1 22 24 
33 28 25 
18 14 2 
39 10 11 
32 17 7 
22 15 16 
33 2 27 
5 34 39 
4 35 33 
33 14 21 
24 15 18 
19 37 11 
11 12 1 
2 22 40 
39 19 31 
24 8 28 
28 26 29 
33 32 12 
23 18 31 
20 12 11 
33 32 36 
34 1 15 
13 25 32 
32 17 10 
26 15 3 
25 10 36 
3 15 19 
22 8 19 
12 17 19 
15 20 26 
10 26 23 
40 34 14 
20 2 11 
24 12 10 
39 20 16 
23 17 21 
25 27 4 
21 24 31 
9 2 10 
34 29 7 
12 37 39 
39 17 13 
14 41 3 
17 25 39 
39 27 38 
40 10 9 
15 13 17 
26 38 15 
12 31 22 
32 16 25 
23 38 13 
8 35 22 
34 35 8 
7 37 6 
9 16 23 
22 15 38 
8 27 25 
32 26 37 
33 14 28 
21 36 9 
22 19 18 
34 28 7 
25 3 24 
22 31 7 
20 12 15 
1 7 2 
9 1 17 
28 29 5 
7 2 15 
32 27 8 
23 13 26 
