100
29 5 28 
16 22 18 
17 32 10 
12 39 37 
22 31 7 
35 4 33 
38 23 13 
13 31 28 
19 22 8 
38 27 39 
36 5 4 
19 3 40 
25 32 13 
10 40 9 
8 21 13 
8 34 35 
11 12 1 
31 34 12 
16 22 15 
36 32 33 
22 33 27 
16 11 18 
28 14 33 
26 23 10 
28 24 8 
34 14 40 
8 3 32 
25 17 39 
29 34 7 
34 39 5 
38 26 15 
13 5 32 
7 21 27 
31 33 9 
36 25 10 
16 39 20 
13 39 17 
6 20 7 
31 19 39 
26 28 29 
9 2 40 
18 33 9 
18 22 19 
16 40 21 
11 39 10 
21 31 24 
2 10 9 
25 33 28 
8 24 37 
15 17 13 
7 1 2 
25 3 24 
21 33 14 
12 20 15 
12 24 10 
16 9 23 
26 23 13 
11 20 12 
30 14 1 
2 18 14 
27 8 32 
26 32 37 
3 5 26 
15 19 3 
37 19 11 
27 2 33 
2 15 7 
23 31 18 
30 16 2 
22 40 2 
1 34 15 
1 24 22 
14 41 3 
26 5 20 
28 7 34 
15 24 18 
21 17 23 
6 7 26 
32 33 12 
35 33 38 
37 7 6 
15 40 37 
22 31 12 
13 11 23 
17 7 32 
8 25 27 
35 22 8 
38 15 22 
20 26 37 
26 3 15 
9 21 36 
16 32 25 
1 17 9 
30 33 26 
11 20 2 
4 3 1 
15 20 26 
6 27 35 
4 25 27 
17 19 12 
