100
9 16 23 
1 9 17 
13 28 31 
32 10 17 
32 8 27 
26 20 37 
39 5 34 
11 12 1 
11 37 19 
11 13 23 
22 35 8 
4 27 25 
20 15 26 
3 26 15 
39 17 13 
31 18 23 
6 35 27 
11 12 20 
32 7 17 
11 16 18 
41 14 3 
39 20 16 
32 25 16 
33 26 30 
32 5 13 
24 10 12 
32 37 26 
18 2 14 
39 11 10 
33 31 9 
19 15 3 
33 25 28 
16 21 40 
3 1 4 
20 6 7 
10 36 25 
7 27 21 
40 37 15 
23 13 38 
22 31 7 
9 36 21 
8 28 24 
2 9 40 
22 27 33 
33 12 32 
26 38 15 
2 7 1 
5 4 36 
6 7 26 
17 25 39 
33 38 35 
39 27 38 
8 35 34 
20 11 2 
8 27 25 
13 15 17 
34 29 7 
33 18 9 
34 7 28 
23 10 26 
1 15 34 
24 18 15 
23 17 21 
15 2 7 
32 25 13 
21 24 31 
26 29 28 
22 19 18 
33 4 35 
16 2 30 
26 5 3 
33 21 14 
39 19 31 
2 10 9 
33 32 36 
39 37 12 
25 3 24 
40 19 3 
34 31 12 
40 9 10 
19 12 17 
40 34 14 
22 15 16 
16 18 22 
20 5 26 
8 19 22 
21 8 13 
33 14 28 
20 15 12 
24 8 37 
32 3 8 
7 6 37 
15 38 22 
33 2 27 
24 22 1 
22 31 12 
14 30 1 
40 22 2 
23 26 13 
28 5 29 
