100
10 11 39 
39 19 31 
23 26 13 
18 2 14 
13 17 39 
21 24 31 
21 33 14 
29 34 7 
4 25 27 
38 26 15 
9 36 21 
8 24 37 
3 26 15 
25 10 36 
3 25 24 
28 33 25 
8 25 27 
39 34 5 
30 16 2 
12 39 37 
31 22 7 
31 23 18 
31 33 9 
12 1 11 
6 35 27 
16 22 18 
38 23 13 
22 40 2 
6 26 7 
36 32 33 
8 35 34 
22 33 27 
28 24 8 
5 36 4 
18 24 15 
16 40 21 
29 28 26 
13 8 21 
7 27 21 
15 26 20 
16 23 9 
5 26 3 
32 25 16 
1 34 15 
37 26 20 
6 20 7 
32 10 17 
17 12 19 
15 20 12 
12 24 10 
14 40 34 
13 15 17 
15 22 16 
32 5 13 
26 32 37 
31 22 12 
32 7 17 
38 27 39 
13 11 23 
9 2 40 
32 8 27 
15 40 37 
30 14 1 
19 15 3 
31 34 12 
15 2 7 
16 20 39 
11 20 2 
10 9 40 
32 33 12 
7 2 1 
21 17 23 
4 1 3 
28 14 33 
33 4 35 
23 10 26 
18 33 9 
28 7 34 
20 5 26 
27 2 33 
30 26 33 
39 17 25 
37 11 19 
11 16 18 
32 25 13 
19 22 8 
14 3 41 
1 9 17 
19 22 18 
11 20 12 
32 3 8 
2 9 10 
37 7 6 
22 1 24 
22 35 8 
3 40 19 
13 28 31 
29 5 28 
38 15 22 
38 33 35 
